# size, sigma, af cpy h->d mean [s], af cpy h->d stddev [s], af convolve mean [s], af convolve stddev [s], af cpy d->h mean [s], af cpy d->h stddev [s], af total mean [s], af total stddev [s], vigra mean [s], vigra stddev [s]
256, 0.7, 0.000124811, 1.7602e-05, 0.01143, 0.0223386, 0.0001114, 3.28667e-05, 0.0116662, 0.0223387, 0.00174154, 1.8394e-05
256, 1, 0.000123627, 1.6894e-05, 0.0114925, 0.0223133, 0.000114591, 3.43607e-05, 0.0117308, 0.0223134, 0.00213679, 1.35206e-05
256, 1.6, 0.000124644, 1.67422e-05, 0.0117215, 0.0221912, 0.000115369, 3.43105e-05, 0.0119615, 0.0221912, 0.0029152, 1.12076e-05
256, 3.5, 0.000126108, 1.59889e-05, 0.0249951, 0.0546268, 0.000115965, 3.34618e-05, 0.0252372, 0.0546268, 0.00517459, 3.47203e-05
256, 5, 0.000136296, 2.4849e-05, 0.025111, 0.0549897, 0.000116518, 3.45218e-05, 0.0253638, 0.0549897, 0.00676876, 4.74525e-05
256, 10, 0.000124819, 1.60708e-05, 0.0251582, 0.0550152, 0.00011297, 3.40305e-05, 0.025396, 0.0550152, 0.0148054, 3.31696e-05
512, 0.7, 0.000400569, 7.57369e-05, 0.0120698, 0.02228, 0.000384448, 0.000131724, 0.0128548, 0.0222805, 0.00772995, 3.76969e-05
512, 1, 0.000400886, 7.52174e-05, 0.0123292, 0.0222165, 0.000385886, 0.00013193, 0.013116, 0.022217, 0.00910047, 3.1934e-05
512, 1.6, 0.000400823, 7.27895e-05, 0.0134882, 0.0222473, 0.000387238, 0.000131696, 0.0142762, 0.0222478, 0.011975, 3.10773e-05
512, 3.5, 0.000399951, 5.8473e-05, 0.0288088, 0.0542933, 0.000388311, 0.000129714, 0.0295971, 0.0542934, 0.0234025, 0.000935688
512, 5, 0.000405255, 5.7544e-05, 0.0288866, 0.0544433, 0.000388336, 0.000127969, 0.0296802, 0.0544434, 0.0312884, 0.00085696
512, 10, 0.000402734, 6.03716e-05, 0.0289093, 0.0544859, 0.000387549, 0.00012975, 0.0296996, 0.0544861, 0.0595256, 0.000722124
1024, 0.7, 0.00101453, 7.10367e-05, 0.0148018, 0.0224095, 0.000988221, 0.000301845, 0.0168045, 0.0224117, 0.0379568, 0.00457581
1024, 1, 0.00101145, 7.01064e-05, 0.0159283, 0.0223899, 0.00097133, 0.0003096, 0.0179111, 0.0223921, 0.0443967, 0.00383194
1024, 1.6, 0.00101174, 7.01731e-05, 0.0206531, 0.0226457, 0.000971725, 0.00032786, 0.0226366, 0.0226482, 0.066527, 0.00337284
1024, 3.5, 0.0010196, 6.6918e-05, 0.04505, 0.0543302, 0.000996538, 0.000311638, 0.0470662, 0.0543312, 0.10786, 0.0128644
1024, 5, 0.00100932, 6.67591e-05, 0.0451326, 0.0544681, 0.00103888, 0.000558629, 0.0471808, 0.054471, 0.140388, 0.00905799
1024, 10, 0.00101357, 6.89286e-05, 0.0451093, 0.0545425, 0.000984256, 0.000317253, 0.0471071, 0.0545435, 0.257666, 0.00853585
1500, 0.7, 0.00186634, 6.86314e-05, 0.0188383, 0.0223629, 0.00188745, 0.000776185, 0.0225921, 0.0223765, 0.0661632, 0.00129297
1500, 1, 0.00186964, 7.39113e-05, 0.0215561, 0.0221817, 0.00174696, 0.000358206, 0.0251727, 0.0221847, 0.0800226, 0.00307184
1500, 1.6, 0.00186806, 7.34773e-05, 0.0314602, 0.0221025, 0.00193694, 0.00094422, 0.0352652, 0.0221228, 0.106892, 0.00388329
1500, 3.5, 0.00186927, 7.23134e-05, 0.0471093, 0.0540547, 0.00180967, 0.000535011, 0.0507883, 0.0540574, 0.18774, 0.000748611
1500, 5, 0.00187174, 7.56892e-05, 0.0472826, 0.0546037, 0.00180926, 0.000533786, 0.0509636, 0.0546064, 0.236638, 0.000470283
1500, 10, 0.0018684, 7.14717e-05, 0.0471743, 0.0543089, 0.00174346, 0.000352975, 0.0507861, 0.0543101, 0.470369, 0.000453215
2048, 0.7, 0.00324667, 7.20784e-05, 0.0256318, 0.0222066, 0.00310234, 0.000748258, 0.0319808, 0.0222193, 0.203674, 0.0143214
2048, 1, 0.00324684, 7.0685e-05, 0.0300649, 0.0221749, 0.00310552, 0.000755218, 0.0364172, 0.0221879, 0.257244, 0.00858623
2048, 1.6, 0.0032568, 6.74165e-05, 0.0485833, 0.0221705, 0.00309514, 0.000746894, 0.0549352, 0.0221832, 0.312648, 0.0186195
2048, 3.5, 0.00324766, 7.21204e-05, 0.107428, 0.0542987, 0.00310499, 0.000738254, 0.11378, 0.0543038, 0.629271, 0.0261307
2048, 5, 0.00325937, 7.3581e-05, 0.107501, 0.0544899, 0.00309961, 0.000730334, 0.11386, 0.0544948, 0.731217, 0.0384672
2048, 10, 0.00325004, 6.70402e-05, 0.107397, 0.0542679, 0.00312326, 0.00069152, 0.11377, 0.0542723, 1.32342, 0.0285678
2500, 0.7, 0.00471795, 7.81371e-05, 0.0327449, 0.0222221, 0.00516528, 0.00286677, 0.0426282, 0.0224064, 0.187206, 0.00446347
2500, 1, 0.00471082, 7.38347e-05, 0.0394211, 0.0222134, 0.00451012, 0.00101938, 0.0486421, 0.0222369, 0.230657, 0.00412092
2500, 1.6, 0.00471812, 7.61391e-05, 0.0672615, 0.0224136, 0.0045205, 0.00100927, 0.0765001, 0.0224364, 0.305261, 0.00709194
2500, 3.5, 0.00471864, 7.73697e-05, 0.111089, 0.0545887, 0.00452246, 0.000988812, 0.12033, 0.0545977, 0.519152, 0.00272586
2500, 5, 0.00471683, 7.73659e-05, 0.111021, 0.0543937, 0.00450618, 0.00100459, 0.120244, 0.054403, 0.658619, 0.00150762
2500, 10, 0.00471691, 7.39094e-05, 0.111278, 0.0545929, 0.00448759, 0.001015, 0.120483, 0.0546024, 1.28632, 0.00102751
3072, 0.7, 0.006982, 9.17258e-05, 0.0431867, 0.0221634, 0.00718234, 0.0028502, 0.057351, 0.0223461, 0.488293, 0.000360229
3072, 1, 0.00697203, 8.80259e-05, 0.0532021, 0.0221856, 0.00664816, 0.00147408, 0.0668223, 0.0222347, 0.61507, 0.00107374
3072, 1.6, 0.00697621, 8.18747e-05, 0.0948095, 0.0221473, 0.00669757, 0.001437, 0.108483, 0.0221941, 0.854495, 0.00088129
3072, 3.5, 0.00864872, 0.00132526, 0.116506, 0.0541461, 0.00902197, 0.00187934, 0.134177, 0.054195, 2.32609, 0.461934
3072, 5, 0.00979482, 0.000144985, 0.136007, 0.0985945, 0.0109794, 0.00263767, 0.156782, 0.0986299, 3.04562, 0.00345779
3072, 10, 0.00977088, 0.000134449, 0.135877, 0.0987379, 0.0109674, 0.00263492, 0.156615, 0.0987731, 5.15813, 0.01732
3500, 0.7, 0.012561, 0.000143042, 0.0626751, 0.0411183, 0.0162868, 0.00915755, 0.0915229, 0.0421259, 0.745294, 0.0593694
3500, 1, 0.0125423, 0.000164162, 0.0752573, 0.0406985, 0.0142629, 0.00345709, 0.102063, 0.0408454, 0.84525, 0.00140823
3500, 1.6, 0.0126022, 0.000185412, 0.129384, 0.0405469, 0.014242, 0.00345959, 0.156228, 0.0406947, 1.14293, 0.00146227
3500, 3.5, 0.0125329, 0.000161863, 0.140872, 0.0989414, 0.0142164, 0.00345667, 0.167622, 0.0990019, 1.85936, 0.00591387
3500, 5, 0.0125697, 0.000171586, 0.141003, 0.0988902, 0.0142701, 0.00345576, 0.167842, 0.0989507, 2.46664, 0.0109841
3500, 10, 0.0126297, 0.00014597, 0.14104, 0.0987754, 0.0141414, 0.00316345, 0.167811, 0.0988262, 4.77044, 0.0377524
