# size, sigma, af kernel [s], af cpy h->d mean [s], af cpy h->d stddev [s], af convolve mean [s], af convolve stddev [s], af cpy d->h mean [s], af cpy d->h stddev [s], af total mean [s], af total stddev [s], vigra mean [s], vigra stddev [s]
256, 0.7, 0.043116, 0.0006101, 0.00029027933099, 0.009006, 0.0171495998262, 0.0003287, 8.68620170155e-05, 0.0099448, 0.017416367031, 0.0259479, 0.00421420154834
256, 1.0, 0.043201, 0.0005724, 0.000155157468399, 0.0087685, 0.0163048449073, 0.0003703, 7.67724559982e-05, 0.0097112, 0.0163723881447, 0.0184789, 0.00550454801868
256, 1.6, 0.043232, 0.0006357, 0.000208282524471, 0.0093413, 0.0171151840075, 0.0003706, 7.10833313795e-05, 0.0103476, 0.0172808459527, 0.0198828, 0.00663828622161
256, 3.5, 0.046533, 0.0005909, 0.000205787001533, 0.0218549, 0.0394916049799, 0.0003718, 9.25708377406e-05, 0.0228176, 0.0396995362724, 0.0216918, 0.00531542483344
256, 5.0, 0.04357, 0.0006108, 0.00011262486404, 0.0216186, 0.039258634396, 0.0003741, 8.66584675609e-05, 0.0226035, 0.0394077591554, 0.0219046, 0.00499358290609
256, 10.0, 0.043402, 0.000694, 0.000131224235566, 0.0217665, 0.0395104169688, 0.0003769, 8.52882758649e-05, 0.0228374, 0.0396693191023, 0.0374677, 0.00805015438423
512, 0.7, 0.043392, 0.0012056, 0.000184753457342, 0.0093203, 0.0158249231976, 0.0011188, 0.000540467168291, 0.0116447, 0.0157391001271, 0.0730265, 0.0145571926294
512, 1.0, 0.043451, 0.0012728, 0.000268787946158, 0.0105279, 0.0170136584628, 0.0011804, 0.000610600556829, 0.0129811, 0.0169861423369, 0.0580391, 0.0113894620457
512, 1.6, 0.043199, 0.0012192, 0.000292683036748, 0.0111485, 0.0166480988659, 0.000945, 0.000433051036253, 0.0133127, 0.0167650807457, 0.0693521, 0.0140813161491
512, 3.5, 0.043354, 0.001203, 0.00016349006086, 0.0333127, 0.038805735169, 0.0009024, 0.00035071675181, 0.0354181, 0.0388605742506, 0.0647345, 0.011320369899
512, 5.0, 0.0449, 0.0010821, 0.000192413331139, 0.0337265, 0.039140387592, 0.0009025, 0.000290632499903, 0.0357111, 0.0394209827388, 0.0642903, 0.00761288346226
512, 10.0, 0.043596, 0.0010687, 0.00021075865344, 0.0338143, 0.0393534727745, 0.0009262, 0.000382627965523, 0.0358092, 0.0396255200642, 0.1088375, 0.0128054146458
1024, 0.7, 0.043459, 0.0028322, 0.000286451322217, 0.0132781, 0.0163748828054, 0.002549, 0.000756813583388, 0.0186593, 0.0166569213605, 0.2389554, 0.00869193022521
1024, 1.0, 0.043674, 0.0027201, 0.000228870028619, 0.0154333, 0.0155727045438, 0.0029652, 0.00165563479065, 0.0211186, 0.0165168496403, 0.1949875, 0.0119729306625
1024, 1.6, 0.043183, 0.0027624, 0.000249936071826, 0.0190754, 0.0163780834117, 0.0027864, 0.00127495883855, 0.0246242, 0.0173917090006, 0.2217059, 0.00708135936738
1024, 3.5, 0.043273, 0.0028517, 0.000513685516634, 0.0879833, 0.0391021047619, 0.0025464, 0.00125765211406, 0.0933814, 0.0401209469111, 0.2170248, 0.010035280313
1024, 5.0, 0.043552, 0.0027828, 0.000313003130975, 0.0877918, 0.0390160548129, 0.0025038, 0.00119525685942, 0.0930784, 0.0398975504391, 0.2463634, 0.00623022505532
1024, 10.0, 0.043215, 0.0029621, 0.000443054951445, 0.0876246, 0.0389875670033, 0.002505, 0.00120592893655, 0.0930917, 0.0397236979649, 0.4382646, 0.00686624570198
1500, 0.7, 0.043819, 0.0061393, 0.000468513190849, 0.0185719, 0.0153400774082, 0.0055802, 0.00324801886694, 0.0302914, 0.0173216524166, 0.524181, 0.0148423714682
1500, 1.0, 0.04421, 0.0059447, 0.00034536851333, 0.0242611, 0.0158100345885, 0.0052033, 0.00274835078001, 0.0354091, 0.0178893199113, 0.4384905, 0.0414443878378
1500, 1.6, 0.112707, 0.0079729, 0.000896292636364, 0.0438703, 0.0406564077952, 0.0110292, 0.00721058131914, 0.0628724, 0.0461474337687, 1.2013247, 0.0548321401006
1500, 3.5, 0.115114, 0.0077701, 0.000293643133752, 0.1165648, 0.0993658078474, 0.025911, 0.0484042916548, 0.1502459, 0.121635838415, 1.1996853, 0.0131828083734
1500, 5.0, 0.116472, 0.0078021, 0.000254909179905, 0.1173129, 0.0993131180826, 0.0270007, 0.0515844968863, 0.1521157, 0.123362521063, 1.343262, 0.0275891382359
1500, 10.0, 0.115997, 0.0078511, 0.000283266817683, 0.1167866, 0.0994316584989, 0.0108115, 0.00701424865898, 0.1354492, 0.103326494222, 2.3479346, 0.0588490360757
2048, 0.7, 0.114663, 0.0129472, 0.00143189285912, 0.0405965, 0.0409452871873, 0.0458356, 0.0218051171526, 0.0993793, 0.0432080314248, 2.4513699, 0.0708522469996
2048, 1.0, 0.114504, 0.0126453, 0.000408996589228, 0.0506491, 0.040773622911, 0.0723785, 0.0517251323754, 0.1356729, 0.0714330528963, 1.9457717, 0.0369527158164
2048, 1.6, 0.116336, 0.0126213, 0.000437873052379, 0.0640985, 0.0412981462592, 0.0556034, 0.035361951225, 0.1323232, 0.0468068489194, 2.2450876, 0.0762604941358
2048, 3.5, 0.114667, 0.0126556, 0.000369808382815, 0.3649598, 0.0989664329213, 0.0766471, 0.0625893826754, 0.4542625, 0.118219149973, 2.2518879, 0.0336691004467
2048, 5.0, 0.114852, 0.0127347, 0.000340597724596, 0.3651642, 0.0997185305335, 0.0478612, 0.0284694603911, 0.4257601, 0.0985931214137, 2.5588864, 0.0655822681511
2048, 10.0, 0.115202, 0.0127031, 0.000330643750886, 0.3652566, 0.0998260246571, 0.073117, 0.0538997569679, 0.4510767, 0.137612305285, 4.3897813, 0.013728244025
2500, 0.7, 0.11449, 0.0195981, 0.00237448585803, 0.0505762, 0.0407942015188, 0.0859141, 0.0469806854217, 0.1560884, 0.0508718169957, 3.6738068, 0.0933022411787
2500, 1.0, 0.114323, 0.0194374, 0.00139317401641, 0.0659408, 0.0408696176194, 0.0861048, 0.046420067283, 0.171483, 0.0503236535061, 2.9279336, 0.110640979075
2500, 1.6, 0.114021, 0.0193335, 0.00149995294926, 0.0855378, 0.0408121852363, 0.0845175, 0.0444497188658, 0.1893888, 0.0490275113804, 3.3967491, 0.0953601095516
2500, 3.5, 0.116536, 0.0195284, 0.00200501282789, 0.3698995, 0.0980678556738, 0.0860873, 0.046653273926, 0.4755152, 0.0948978343681, 3.3954459, 0.0821952983965
2500, 5.0, 0.115457, 0.0196017, 0.00216444930872, 0.3703204, 0.0987722185821, 0.0869473, 0.0469121196346, 0.4768694, 0.0951890523991, 3.8361574, 0.076282973512
2500, 10.0, 0.114673, 0.0192971, 0.00126884139671, 0.3704568, 0.0996979553871, 0.0878351, 0.051273520785, 0.477589, 0.0974635331445, 6.5817949, 0.0939566418136
3072, 0.7, 0.114196, 0.0266391, 0.000438540180599, 0.0653433, 0.0407649453331, 0.1609964, 0.0675672951837, 0.2529788, 0.0997816167335, 5.6243168, 0.0501869312029
3072, 1.0, 0.115005, 0.0275069, 0.00250389406525, 0.0883424, 0.0409731494157, 0.1277348, 0.0453876227022, 0.2435841, 0.0435042555929, 4.512159, 0.0837389320842
3072, 1.6, 0.115809, 0.0265751, 0.000370778222121, 0.1181566, 0.0412416384815, 0.1553954, 0.0600159157511, 0.3001271, 0.0917468676211, 5.1988468, 0.0495978530701
3072, 3.5, 0.113965, 0.0267477, 0.00042935208163, 0.3780511, 0.0984719569496, 0.155234, 0.123859727591, 0.5600328, 0.214951906092, 5.2556219, 0.0549066519348
3072, 5.0, 0.1151, 0.0269786, 0.00107974989697, 0.3800901, 0.0995668006892, 0.1497933, 0.0456405845297, 0.556862, 0.0767998778723, 5.847091, 0.0957338295003
3072, 10.0, 0.114288, 0.0267168, 0.000454069113684, 0.3778691, 0.0982966066611, 0.1615704, 0.122212724226, 0.5661563, 0.217380627746, 10.0617795, 0.0427455759167
3500, 0.7, 0.116207, 0.0360104, 0.00176426682789, 0.0794323, 0.0412898971276, 0.161988, 0.0599177364643, 0.2774307, 0.097792316595, 7.3813867, 0.0572611563716
3500, 1.0, 0.115742, 0.0360125, 0.00228848977494, 0.1093132, 0.0413310680525, 0.1761545, 0.0610536637119, 0.3214802, 0.0751793604692, 5.9268829, 0.0653391275798
3500, 1.6, 0.115457, 0.0361777, 0.0025468225321, 0.1474795, 0.0409669878957, 0.1722454, 0.0560030080964, 0.3559026, 0.0710478080059, 6.8357317, 0.0569094564023
3500, 3.5, 0.115737, 0.0362043, 0.00249743196304, 0.3861598, 0.0995283968964, 0.1819483, 0.0538246297749, 0.6043124, 0.0956209941898, 6.8565911, 0.0654600658302
3500, 5.0, 0.115107, 0.0363641, 0.00269120387373, 0.3865543, 0.10009103009, 0.1873349, 0.0574006381436, 0.6102533, 0.0957963232781, 7.7019435, 0.0691012698006
3500, 10.0, 0.115007, 0.0354918, 0.000452230206863, 0.3859866, 0.0988624858611, 0.2282152, 0.103415266516, 0.6496936, 0.196061177435, 13.1270571, 0.0830427390847
