# (1) size, (2) sigma, (3) af kernel [s], (4) af cpy h->d mean [s], (5) af cpy h->d stddev [s], (6) af convolve mean [s], (7) af convolve stddev [s], (8) af cpy d->h mean [s], (9) af cpy d->h stddev [s], (10) af total mean [s], (11) af total stddev [s], (12) vigra mean [s], (13) vigra stddev [s]
256, 0.7, 0.138624, 8.917e-05, 1.5469e-05, 0.0142681, 0.0427068, 7.98535e-05, 2.39924e-05, 0.0144371, 0.0427068, 0.00133196, 0.000304937
256, 1, 0.264542, 8.54415e-05, 1.17258e-05, 0.01593, 0.0496676, 7.61495e-05, 1.82767e-05, 0.0160916, 0.0496676, 0.00136395, 3.20892e-05
256, 1.6, 0.15847, 8.56745e-05, 1.56869e-05, 0.0137216, 0.0410369, 7.53645e-05, 2.2927e-05, 0.0138827, 0.0410369, 0.0018878, 0.000385144
256, 3.5, 0.117186, 8.548e-05, 1.19991e-05, 0.0254341, 0.0885362, 7.7468e-05, 1.94577e-05, 0.0255971, 0.0885362, 0.00329261, 5.03307e-05
256, 5, 0.117489, 8.7199e-05, 1.31685e-05, 0.0251371, 0.087083, 7.86205e-05, 1.90103e-05, 0.0253029, 0.087083, 0.00409955, 5.92846e-05
256, 10, 0.115664, 9.0264e-05, 2.02931e-05, 0.0252594, 0.0855293, 7.75145e-05, 2.49192e-05, 0.0254272, 0.0855293, 0.00772916, 5.86854e-05
512, 0.7, 0.115853, 0.000278792, 5.59456e-05, 0.0112071, 0.0334236, 0.000258493, 7.1358e-05, 0.0117444, 0.0334237, 0.00444735, 5.08319e-05
512, 1, 0.124748, 0.000279716, 5.63886e-05, 0.0108747, 0.0323863, 0.000260803, 7.52156e-05, 0.0114153, 0.0323865, 0.00530859, 5.43573e-05
512, 1.6, 0.119653, 0.000288936, 5.12727e-05, 0.0113183, 0.0335524, 0.000260036, 6.88854e-05, 0.0118672, 0.0335525, 0.00754477, 0.000604634
512, 3.5, 0.116906, 0.000308757, 4.08937e-05, 0.0251123, 0.0850663, 0.000266048, 7.04583e-05, 0.0256871, 0.0850664, 0.0123588, 0.000105542
512, 5, 0.118176, 0.000306309, 4.05775e-05, 0.0255138, 0.0864178, 0.000264334, 6.82339e-05, 0.0260845, 0.0864178, 0.0159363, 0.000110146
512, 10, 0.116537, 0.000311676, 5.11674e-05, 0.0263011, 0.0896083, 0.000268817, 6.82779e-05, 0.0268816, 0.0896083, 0.0304454, 0.000351048
1024, 0.7, 0.118322, 0.000826035, 5.07707e-05, 0.0112445, 0.0331613, 0.00075955, 0.000134118, 0.0128301, 0.0331616, 0.0178144, 8.87234e-05
1024, 1, 0.116739, 0.00082839, 5.02811e-05, 0.0111162, 0.0326665, 0.000763578, 0.000140547, 0.0127082, 0.0326668, 0.021446, 9.97213e-05
1024, 1.6, 0.122898, 0.000817991, 5.3323e-05, 0.0112019, 0.0323554, 0.000762235, 0.000141956, 0.0127821, 0.0323557, 0.0283835, 0.000147744
1024, 3.5, 0.118237, 0.000847065, 4.84603e-05, 0.0273958, 0.0884648, 0.000771793, 0.000147587, 0.0290147, 0.0884649, 0.0500518, 0.000198846
1024, 5, 0.118336, 0.000838333, 4.27421e-05, 0.0274254, 0.0885021, 0.000767411, 0.000146767, 0.0290311, 0.0885022, 0.0645523, 0.000157782
1024, 10, 0.109174, 0.000850465, 4.56578e-05, 0.0255033, 0.0822764, 0.000769045, 0.000135739, 0.0271228, 0.0822766, 0.125627, 0.000280597
1500, 0.7, 0.103408, 0.00163474, 4.41009e-05, 0.0100341, 0.0290042, 0.00147814, 0.000133698, 0.0131469, 0.0290046, 0.038204, 0.000127003
1500, 1, 0.105812, 0.00164148, 5.21566e-05, 0.0103479, 0.0297416, 0.0014834, 0.000129696, 0.0134728, 0.0297419, 0.0455715, 0.000110639
1500, 1.6, 0.105377, 0.00164305, 4.69578e-05, 0.0106957, 0.0295276, 0.00150475, 0.000203592, 0.0138435, 0.0295283, 0.0612191, 0.000248045
1500, 3.5, 0.116796, 0.00165008, 5.30303e-05, 0.0266606, 0.0849771, 0.00150377, 0.000206438, 0.0298144, 0.0849774, 0.107727, 0.00467421
1500, 5, 0.119249, 0.00164559, 5.18011e-05, 0.0269727, 0.0854602, 0.00150208, 0.000214402, 0.0301204, 0.0854605, 0.136185, 0.000215181
1500, 10, 0.114647, 0.00164398, 5.10266e-05, 0.0264471, 0.0834821, 0.00150053, 0.000202137, 0.0295916, 0.0834823, 0.26595, 0.000341159
2048, 0.7, 0.122124, 0.00291788, 4.96063e-05, 0.0116999, 0.033192, 0.0027348, 0.000257041, 0.0173526, 0.033193, 0.07014, 0.000234989
2048, 1, 0.113671, 0.00292176, 5.01775e-05, 0.0113322, 0.0317099, 0.00274353, 0.000244396, 0.0169975, 0.0317109, 0.0853518, 0.000364716
2048, 1.6, 0.117064, 0.00292218, 4.73209e-05, 0.0135936, 0.0363565, 0.00274228, 0.000240478, 0.0192581, 0.0363573, 0.117547, 0.012059
2048, 3.5, 0.162894, 0.00292915, 7.01032e-05, 0.0481363, 0.152245, 0.00276048, 0.000341626, 0.0538259, 0.152246, 0.208525, 0.0384042
2048, 5, 0.106635, 0.00292369, 5.25879e-05, 0.0311589, 0.0829397, 0.00275661, 0.000261914, 0.0368392, 0.0829401, 0.259354, 0.00060122
2048, 10, 0.111543, 0.00292298, 5.40402e-05, 0.0312924, 0.0825639, 0.00275413, 0.000255328, 0.0369695, 0.0825643, 0.507062, 0.00138991
2500, 0.7, 0.112493, 0.0042659, 4.47427e-05, 0.0119258, 0.0329902, 0.00399098, 0.000315716, 0.0201827, 0.0329918, 0.105588, 0.000554394
2500, 1, 0.117922, 0.00426775, 5.23009e-05, 0.0124994, 0.0341806, 0.00399457, 0.000323522, 0.0207617, 0.0341822, 0.127025, 0.000626809
2500, 1.6, 0.122181, 0.0042701, 4.84238e-05, 0.0133693, 0.0333004, 0.0040048, 0.000330735, 0.0216442, 0.0333021, 0.171278, 0.00212399
2500, 3.5, 0.116906, 0.00427949, 6.95886e-05, 0.0325667, 0.0864442, 0.00401376, 0.000337934, 0.0408599, 0.0864449, 0.30035, 0.00298381
2500, 5, 0.116657, 0.00427736, 6.08333e-05, 0.0322788, 0.08489, 0.00400715, 0.000310301, 0.0405633, 0.0848906, 0.388444, 0.00243706
2500, 10, 0.118143, 0.00427327, 5.17211e-05, 0.0321218, 0.0844734, 0.00400048, 0.000317372, 0.0403956, 0.084474, 0.763969, 0.00344995
3072, 0.7, 0.111699, 0.00635859, 6.14757e-05, 0.0121299, 0.0323711, 0.00599025, 0.000430313, 0.0244788, 0.032374, 0.160824, 0.00198496
3072, 1, 0.109984, 0.0063527, 5.64282e-05, 0.0122253, 0.0317526, 0.00599152, 0.000428978, 0.0245696, 0.0317556, 0.192321, 0.00268782
3072, 1.6, 0.112747, 0.00636046, 4.96803e-05, 0.0145597, 0.0335921, 0.00601388, 0.000434246, 0.0269341, 0.033595, 0.260903, 0.00209055
3072, 3.5, 0.110683, 0.00636151, 5.72114e-05, 0.0321483, 0.0841834, 0.00602478, 0.000526807, 0.0445346, 0.084185, 0.453064, 0.00258207
3072, 5, 0.162691, 0.0064227, 9.06697e-05, 0.0445918, 0.13129, 0.0114964, 0.0240015, 0.0625109, 0.133466, 0.938631, 0.0529506
3072, 10, 0.13334, 0.0063681, 4.91427e-05, 0.0363987, 0.101943, 0.00653022, 0.00260293, 0.049297, 0.101976, 1.24934, 0.170235
3500, 0.7, 0.240916, 0.00815055, 6.53288e-05, 0.0235706, 0.0731422, 0.00800712, 0.00165558, 0.0397283, 0.073161, 0.207148, 0.00212211
3500, 1, 0.105334, 0.00814812, 6.10748e-05, 0.0119335, 0.029437, 0.00826057, 0.00299521, 0.0283422, 0.029589, 0.257691, 0.0428264
3500, 1.6, 0.241491, 0.00815068, 6.01305e-05, 0.0151402, 0.0323058, 0.0082798, 0.00285988, 0.0315707, 0.0324322, 0.330068, 0.00251723
3500, 3.5, 0.451992, 0.00822876, 0.000265095, 0.106639, 0.405131, 0.0125601, 0.0213457, 0.127428, 0.405693, 0.744274, 0.186738
3500, 5, 3.20873, 0.00815347, 5.49383e-05, 0.0451845, 0.138232, 0.00856455, 0.00403324, 0.0619025, 0.138291, 0.789363, 0.146367
3500, 10, 3.2576, 0.00832283, 0.000568624, 0.799276, 3.40642, 0.00998148, 0.0107994, 0.81758, 3.40644, 1.4924, 0.0236319
