# (1) size, (2) sigma, (3) af kernel [s], (4) af cpy h->d mean [s], (5) af cpy h->d stddev [s], (6) af convolve mean [s], (7) af convolve stddev [s], (8) af cpy d->h mean [s], (9) af cpy d->h stddev [s], (10) af total mean [s], (11) af total stddev [s], (12) vigra mean [s], (13) vigra stddev [s]
256, 0.7, 0.144002, 8.80835e-05, 1.05361e-05, 0.0136175, 0.0407251, 8.26415e-05, 2.37656e-05, 0.0137883, 0.0407251, 0.00118152, 1.6076e-05
256, 1, 0.139817, 8.8251e-05, 1.08562e-05, 0.0126669, 0.0378665, 8.25245e-05, 2.25107e-05, 0.0128377, 0.0378665, 0.00143807, 2.17941e-05
256, 1.6, 0.144278, 8.7376e-05, 1.18671e-05, 0.0125732, 0.0375401, 8.2102e-05, 2.47103e-05, 0.0127427, 0.0375401, 0.00189208, 2.21035e-05
256, 3.5, 0.139734, 8.82445e-05, 1.36646e-05, 0.0420735, 0.154918, 8.23285e-05, 2.33327e-05, 0.0422441, 0.154918, 0.00326246, 2.91423e-05
256, 5, 0.127277, 8.614e-05, 1.09925e-05, 0.0279375, 0.095896, 8.09945e-05, 2.10025e-05, 0.0281046, 0.095896, 0.00416965, 3.01138e-05
256, 10, 0.134878, 8.51275e-05, 1.1102e-05, 0.0279613, 0.0961053, 8.09995e-05, 2.1236e-05, 0.0281274, 0.0961053, 0.00745752, 1.82546e-05
512, 0.7, 0.128428, 0.00028044, 4.33775e-05, 0.012422, 0.0370593, 0.000272353, 8.64253e-05, 0.0129748, 0.0370595, 0.00464506, 6.99713e-05
512, 1, 0.121502, 0.000278009, 3.95799e-05, 0.0119528, 0.0356262, 0.000271165, 8.62512e-05, 0.012502, 0.0356263, 0.0055599, 5.44671e-05
512, 1.6, 0.122576, 0.000278819, 4.1268e-05, 0.0121557, 0.0360781, 0.000272248, 8.82912e-05, 0.0127068, 0.0360782, 0.00740878, 6.4451e-05
512, 3.5, 0.132202, 0.000279545, 4.4749e-05, 0.0281261, 0.0952291, 0.000270236, 7.91362e-05, 0.0286759, 0.0952292, 0.0130026, 8.29843e-05
512, 5, 0.129602, 0.000279745, 4.47763e-05, 0.0278425, 0.0950082, 0.000270506, 8.52744e-05, 0.0283928, 0.0950082, 0.0168661, 5.94187e-05
512, 10, 0.130203, 0.000281104, 4.45712e-05, 0.0279409, 0.0953282, 0.000269795, 7.81024e-05, 0.0284918, 0.0953282, 0.0298214, 8.91031e-05
1024, 0.7, 0.127448, 0.000803166, 5.0533e-05, 0.0123281, 0.0364431, 0.000804601, 0.000303933, 0.0139359, 0.0364444, 0.0184886, 0.000248795
1024, 1, 0.131469, 0.000803256, 5.03157e-05, 0.0135694, 0.0401846, 0.000803707, 0.000302888, 0.0151763, 0.0401858, 0.0221925, 0.000270143
1024, 1.6, 0.130794, 0.000803248, 4.91279e-05, 0.012686, 0.0368298, 0.000802714, 0.000297385, 0.0142919, 0.0368311, 0.0297078, 0.000203205
1024, 3.5, 0.128872, 0.000803094, 4.31479e-05, 0.0303703, 0.0989451, 0.000794154, 0.000258687, 0.0319675, 0.0989454, 0.0529626, 0.000904512
1024, 5, 0.126842, 0.000803896, 4.44035e-05, 0.0295507, 0.095599, 0.000793847, 0.000252754, 0.0311484, 0.0955994, 0.0678641, 0.000152736
1024, 10, 0.127321, 0.000802629, 4.42431e-05, 0.0299713, 0.0979901, 0.000796571, 0.000260455, 0.0315705, 0.0979904, 0.123478, 0.000112576
1500, 0.7, 0.126955, 0.00163075, 5.28332e-05, 0.012362, 0.0359865, 0.00158637, 0.000611383, 0.0155791, 0.0359918, 0.0391296, 0.000239744
1500, 1, 0.130662, 0.00163272, 5.15528e-05, 0.0127063, 0.0368267, 0.00158574, 0.000607545, 0.0159247, 0.0368317, 0.0472172, 0.000133956
1500, 1.6, 0.130827, 0.00163035, 4.92941e-05, 0.0129374, 0.0362561, 0.00158886, 0.000616779, 0.0161566, 0.0362614, 0.0634005, 0.000112031
1500, 3.5, 0.13081, 0.00163393, 4.50135e-05, 0.0295476, 0.0957663, 0.00156859, 0.000512565, 0.0327501, 0.0957677, 0.112764, 0.00013734
1500, 5, 0.12848, 0.0016343, 4.8288e-05, 0.030407, 0.0964375, 0.00156974, 0.000516999, 0.0336111, 0.0964389, 0.145912, 8.28368e-05
1500, 10, 0.132991, 0.00163407, 4.85647e-05, 0.0297724, 0.0958721, 0.00156175, 0.000513656, 0.0329683, 0.0958735, 0.26599, 0.000105935
2048, 0.7, 0.129138, 0.00293093, 5.10236e-05, 0.0129028, 0.0367888, 0.00292874, 0.00110385, 0.0187625, 0.0368054, 0.0797918, 0.00021921
2048, 1, 0.129852, 0.00293378, 5.00671e-05, 0.0129939, 0.0366852, 0.00292166, 0.00111556, 0.0188494, 0.0367022, 0.0947525, 0.000199473
2048, 1.6, 0.129244, 0.00292658, 5.02272e-05, 0.0139915, 0.0373642, 0.00292815, 0.00110846, 0.0198463, 0.0373807, 0.124724, 0.000190667
2048, 3.5, 0.126163, 0.00293006, 4.88936e-05, 0.0346504, 0.094253, 0.00288223, 0.000921935, 0.0404627, 0.0942576, 0.218065, 0.000113449
2048, 5, 0.131138, 0.00293291, 5.22956e-05, 0.0349458, 0.0951841, 0.00288962, 0.000922436, 0.0407683, 0.0951886, 0.279993, 0.000162213
2048, 10, 0.131115, 0.00293282, 5.03815e-05, 0.0349949, 0.0956016, 0.00288798, 0.000917815, 0.0408157, 0.095606, 0.505985, 0.000487434
2500, 0.7, 0.129994, 0.00429139, 5.20643e-05, 0.0131697, 0.0367122, 0.00430144, 0.00162466, 0.0217625, 0.0367482, 0.109781, 0.000328377
2500, 1, 0.124283, 0.00427742, 5.09616e-05, 0.0126723, 0.0346594, 0.00424254, 0.00137352, 0.0211923, 0.0346866, 0.131723, 0.000128873
2500, 1.6, 0.139707, 0.00428343, 4.86431e-05, 0.0142852, 0.0360312, 0.00429821, 0.00160899, 0.0228669, 0.0360671, 0.17728, 9.65075e-05
2500, 3.5, 0.128968, 0.00428936, 6.10913e-05, 0.0350572, 0.0950979, 0.00424507, 0.00136163, 0.0435916, 0.0951077, 0.315423, 0.000138381
2500, 5, 0.132278, 0.00429135, 5.90234e-05, 0.0352865, 0.0957006, 0.00423961, 0.00137418, 0.0438175, 0.0957105, 0.40825, 0.000126423
2500, 10, 0.13048, 0.00428944, 5.94959e-05, 0.0354848, 0.0958652, 0.00424622, 0.00136286, 0.0440205, 0.0958749, 0.74637, 0.000220467
3072, 0.7, 0.13168, 0.00638543, 6.31394e-05, 0.0139259, 0.0376547, 0.0064469, 0.00241488, 0.0267583, 0.0377321, 0.16681, 0.00058959
3072, 1, 0.131164, 0.00637721, 5.9378e-05, 0.0139612, 0.0369252, 0.00644432, 0.00237027, 0.0267828, 0.0370013, 0.200546, 0.000350892
3072, 1.6, 0.129437, 0.00638478, 5.94075e-05, 0.015594, 0.0365845, 0.0064233, 0.00237303, 0.028402, 0.0366614, 0.269175, 0.00017802
3072, 3.5, 0.13082, 0.00638192, 5.45264e-05, 0.0366186, 0.0993512, 0.0063718, 0.00203603, 0.0493723, 0.099372, 0.478206, 0.000201851
3072, 5, 0.141353, 0.00638161, 5.30357e-05, 0.0355052, 0.0941765, 0.0063721, 0.00203697, 0.0482589, 0.0941986, 0.619553, 0.00394638
3072, 10, 0.130279, 0.00638356, 5.21582e-05, 0.0358046, 0.0958167, 0.00635553, 0.00205529, 0.0485436, 0.0958388, 1.13134, 0.000984387
3500, 0.7, 0.125492, 0.00822947, 5.86213e-05, 0.0143769, 0.0378439, 0.00829022, 0.00294339, 0.0308966, 0.0379582, 0.214648, 0.000463983
3500, 1, 0.129799, 0.00822889, 6.34834e-05, 0.0143761, 0.0367183, 0.00828459, 0.00293376, 0.0308895, 0.0368353, 0.259343, 0.000286217
3500, 1.6, 0.129243, 0.00822824, 6.30602e-05, 0.0167421, 0.0370212, 0.00828509, 0.00293827, 0.0332554, 0.0371377, 0.347712, 0.000174962
3500, 3.5, 0.130453, 0.00823133, 5.30819e-05, 0.0361175, 0.0958791, 0.00822197, 0.00263712, 0.0525707, 0.0959154, 0.619975, 0.000151513
3500, 5, 0.130034, 0.00822831, 5.46903e-05, 0.0367351, 0.0984148, 0.00822141, 0.00269462, 0.0531849, 0.0984517, 0.803177, 0.00166919
3500, 10, 0.131155, 0.00823054, 5.4014e-05, 0.0360975, 0.0958864, 0.00822967, 0.00267147, 0.0525577, 0.0959236, 1.4699, 0.000970998
