# (1) size, (2) sigma, (3) af kernel [s], (4) af cpy h->d mean [s], (5) af cpy h->d stddev [s], (6) af convolve mean [s], (7) af convolve stddev [s], (8) af cpy d->h mean [s], (9) af cpy d->h stddev [s], (10) af total mean [s], (11) af total stddev [s], (12) vigra mean [s], (13) vigra stddev [s]
256, 0.7, 0.121111, 0.000107139, 5.73289e-05, 0.0150279, 0.0449366, 8.8396e-05, 3.51984e-05, 0.0152234, 0.0449366, 0.00145964, 5.1476e-05
256, 1, 0.122908, 9.462e-05, 6.90474e-06, 0.0122666, 0.0366402, 8.64085e-05, 2.12296e-05, 0.0124476, 0.0366402, 0.00160961, 4.6419e-05
256, 1.6, 0.122146, 9.36565e-05, 5.42761e-06, 0.0125841, 0.0375461, 8.6008e-05, 2.44457e-05, 0.0127637, 0.0375461, 0.00192069, 4.20906e-05
256, 3.5, 0.124653, 9.59285e-05, 1.21654e-05, 0.0432497, 0.160182, 8.834e-05, 2.83045e-05, 0.0434339, 0.160182, 0.00308994, 0.000103988
256, 5, 0.125828, 9.39405e-05, 1.19071e-05, 0.0274979, 0.0949697, 8.3858e-05, 2.02699e-05, 0.0276757, 0.0949697, 0.00393078, 9.44574e-05
256, 10, 0.127512, 9.0534e-05, 1.01452e-05, 0.0282382, 0.0976933, 8.136e-05, 2.05458e-05, 0.0284101, 0.0976933, 0.00744037, 5.68611e-05
512, 0.7, 0.140778, 0.000296533, 4.45399e-05, 0.0127695, 0.0380795, 0.000284474, 8.97991e-05, 0.0133505, 0.0380796, 0.00501408, 0.000113689
512, 1, 0.130132, 0.000289185, 4.1081e-05, 0.0127434, 0.0379744, 0.000279853, 8.71219e-05, 0.0133125, 0.0379745, 0.00558859, 0.000114277
512, 1.6, 0.127291, 0.000290711, 4.59845e-05, 0.0126972, 0.0376851, 0.000279633, 8.48456e-05, 0.0132676, 0.0376852, 0.00686019, 0.000123294
512, 3.5, 0.130533, 0.000286465, 4.6514e-05, 0.0281827, 0.0960259, 0.000271885, 7.91417e-05, 0.028741, 0.096026, 0.0115826, 0.000102559
512, 5, 0.126455, 0.000287268, 4.70535e-05, 0.0276724, 0.0948332, 0.000272702, 7.90076e-05, 0.0282324, 0.0948332, 0.014543, 8.72869e-05
512, 10, 0.131294, 0.000287804, 4.79769e-05, 0.0281118, 0.0957546, 0.000273724, 7.97763e-05, 0.0286733, 0.0957547, 0.0285073, 7.63853e-05
1024, 0.7, 0.131878, 0.000834342, 5.75251e-05, 0.0128587, 0.0379864, 0.00081078, 0.000297364, 0.0145038, 0.0379876, 0.00523526, 0.00018121
1024, 1, 0.128638, 0.000824162, 6.25016e-05, 0.0127437, 0.037564, 0.000807778, 0.000290943, 0.0143757, 0.0375652, 0.00579084, 0.000201005
1024, 1.6, 0.129804, 0.000831837, 5.94404e-05, 0.0129288, 0.0375123, 0.000811313, 0.000293485, 0.014572, 0.0375135, 0.00708432, 0.000186534
1024, 3.5, 0.130398, 0.000824649, 4.7432e-05, 0.0298628, 0.0963839, 0.00079956, 0.000255225, 0.031487, 0.0963843, 0.0119075, 8.70224e-05
1024, 5, 0.131656, 0.000824264, 4.95114e-05, 0.0296537, 0.096029, 0.000796121, 0.000251827, 0.0312741, 0.0960293, 0.0149332, 9.56767e-05
1024, 10, 0.129413, 0.000827818, 4.14928e-05, 0.0295925, 0.0954262, 0.000799417, 0.000251752, 0.0312198, 0.0954265, 0.0296615, 0.000361971
1500, 0.7, 0.130449, 0.00166442, 5.44275e-05, 0.0128597, 0.0374627, 0.00159278, 0.000605761, 0.0161169, 0.0374676, 0.00846203, 0.000560218
1500, 1, 0.134075, 0.00166021, 6.31771e-05, 0.0139291, 0.0405171, 0.00159968, 0.000642668, 0.017189, 0.0405223, 0.00971444, 0.000639384
1500, 1.6, 0.128883, 0.00166012, 5.53452e-05, 0.0129433, 0.0362687, 0.001579, 0.0005778, 0.0161825, 0.0362733, 0.0123456, 0.000513369
1500, 3.5, 0.133262, 0.0016629, 5.21371e-05, 0.0300822, 0.0960478, 0.00157215, 0.000514714, 0.0333172, 0.0960491, 0.0198319, 0.000488741
1500, 5, 0.130434, 0.00165658, 5.24535e-05, 0.0293663, 0.0956702, 0.00157093, 0.000519344, 0.0325938, 0.0956716, 0.0248433, 0.000304004
1500, 10, 0.131699, 0.00166492, 5.98492e-05, 0.0296829, 0.0955246, 0.00156951, 0.000514962, 0.0329174, 0.095526, 0.0482953, 0.000850607
2048, 0.7, 0.131235, 0.00295317, 5.26822e-05, 0.0132687, 0.0378763, 0.00293001, 0.00109922, 0.0191519, 0.0378923, 0.0144088, 0.00124976
2048, 1, 0.131183, 0.00294558, 5.16644e-05, 0.0128256, 0.0361818, 0.0029203, 0.00105509, 0.0186915, 0.0361972, 0.0164436, 0.00148426
2048, 1.6, 0.131723, 0.00294588, 5.2205e-05, 0.0138372, 0.0368914, 0.00292067, 0.00109451, 0.0197038, 0.0369077, 0.0199711, 0.00116185
2048, 3.5, 0.144254, 0.00294376, 5.3095e-05, 0.0349509, 0.0955042, 0.00289051, 0.000921135, 0.0407851, 0.0955086, 0.0330324, 0.00233344
2048, 5, 0.129104, 0.00294494, 5.05061e-05, 0.034621, 0.0953084, 0.00289111, 0.000914668, 0.040457, 0.0953128, 0.0411406, 0.00230033
2048, 10, 0.131106, 0.00294155, 5.46455e-05, 0.035376, 0.0971325, 0.00289325, 0.000921406, 0.0412108, 0.0971369, 0.0801059, 0.00403658
2500, 0.7, 0.199504, 0.00429656, 5.80107e-05, 0.0157971, 0.0451985, 0.00431947, 0.00168003, 0.0244131, 0.0452297, 0.0193942, 0.000320227
2500, 1, 0.130759, 0.00429868, 6.52568e-05, 0.0137014, 0.037733, 0.004301, 0.00161381, 0.022301, 0.0377675, 0.0224836, 0.000304487
2500, 1.6, 0.133145, 0.00429496, 6.01225e-05, 0.0143873, 0.0363659, 0.00429966, 0.00160379, 0.022982, 0.0364013, 0.0281805, 0.000254154
2500, 3.5, 0.127516, 0.00429715, 6.18625e-05, 0.0347038, 0.0943038, 0.00424724, 0.00136551, 0.0432482, 0.0943137, 0.0463336, 0.000700726
2500, 5, 0.198062, 0.00429971, 6.52336e-05, 0.0381632, 0.107886, 0.00424832, 0.00136346, 0.0467113, 0.107895, 0.0591082, 0.000881549
2500, 10, 0.132509, 0.00431378, 7.19288e-05, 0.0363547, 0.0993778, 0.00424809, 0.00136445, 0.0449165, 0.0993872, 0.116607, 0.000716487
3072, 0.7, 0.133222, 0.00639025, 6.15198e-05, 0.0143299, 0.038962, 0.00646311, 0.00249703, 0.0271832, 0.039042, 0.0279259, 0.00116281
3072, 1, 0.124222, 0.00639639, 7.09954e-05, 0.0144393, 0.0385056, 0.00645502, 0.00238181, 0.0272907, 0.0385793, 0.0312674, 0.00128854
3072, 1.6, 0.1282, 0.00639794, 7.14681e-05, 0.0156317, 0.036721, 0.00642862, 0.00228918, 0.0284583, 0.0367924, 0.0390646, 0.00111856
3072, 3.5, 0.197215, 0.00639684, 5.79757e-05, 0.03851, 0.108183, 0.00637619, 0.00204153, 0.051283, 0.108202, 0.0626325, 0.00107749
3072, 5, 0.130882, 0.00639725, 6.26551e-05, 0.0359685, 0.0960087, 0.00637851, 0.00206599, 0.0487443, 0.0960309, 0.0786935, 0.00190531
3072, 10, 0.126807, 0.0063956, 6.38937e-05, 0.0353262, 0.0944042, 0.00637733, 0.00205131, 0.0480991, 0.0944265, 0.150658, 0.00104339
3500, 0.7, 0.199169, 0.0082471, 7.21828e-05, 0.0169506, 0.0465049, 0.00834408, 0.00316902, 0.0335417, 0.0466128, 0.0354563, 0.000304666
3500, 1, 0.131355, 0.00824278, 6.11293e-05, 0.0145061, 0.0371122, 0.00826129, 0.00295377, 0.0310102, 0.0372296, 0.0407856, 0.000420905
3500, 1.6, 0.125568, 0.00824421, 5.81608e-05, 0.0160499, 0.0349928, 0.00828396, 0.00292356, 0.032578, 0.0351147, 0.0516782, 0.000557502
3500, 3.5, 0.13055, 0.00824993, 5.54232e-05, 0.0366159, 0.0965672, 0.00822249, 0.00264025, 0.0530883, 0.0966033, 0.0844104, 0.000521679
3500, 5, 0.12502, 0.00823621, 5.48031e-05, 0.0354081, 0.094388, 0.00822644, 0.00266128, 0.0518708, 0.0944255, 0.107315, 0.000208425
3500, 10, 0.130768, 0.00824467, 6.50723e-05, 0.0364871, 0.0964259, 0.0081947, 0.00264248, 0.0529265, 0.0964621, 0.211293, 0.000631899
