# (1) size, (2) sigma, (3) af kernel [s], (4) af cpy h->d mean [s], (5) af cpy h->d stddev [s], (6) af convolve mean [s], (7) af convolve stddev [s], (8) af cpy d->h mean [s], (9) af cpy d->h stddev [s], (10) af total mean [s], (11) af total stddev [s], (12) vigra mean [s], (13) vigra stddev [s]
256, 0.7, 0.0424375, 0.000123683, 1.88775e-05, 0.00408427, 0.0114914, 9.22615e-05, 1.72552e-05, 0.00430022, 0.0114915, 0.00143698, 5.1352e-05
256, 1, 0.0427574, 0.000125815, 1.89226e-05, 0.00418314, 0.0115649, 9.2348e-05, 1.7182e-05, 0.00440131, 0.011565, 0.00169692, 6.00373e-05
256, 1.6, 0.0426965, 0.000131355, 1.81669e-05, 0.00462603, 0.0120289, 9.1283e-05, 1.99567e-05, 0.00484867, 0.0120289, 0.00218457, 7.71488e-05
256, 3.5, 0.04318, 0.000148469, 1.52204e-05, 0.00964571, 0.0281603, 9.23835e-05, 1.67713e-05, 0.00988657, 0.0281603, 0.00371299, 4.65393e-05
256, 5, 0.0429425, 0.000129002, 1.11432e-05, 0.0096199, 0.0280751, 9.39965e-05, 1.75409e-05, 0.0098429, 0.0280751, 0.00467723, 5.79384e-05
256, 10, 0.0433895, 0.000135081, 7.3383e-06, 0.00965435, 0.0282744, 9.3869e-05, 1.73542e-05, 0.0098833, 0.0282745, 0.00925252, 4.6952e-05
512, 0.7, 0.0428838, 0.000369012, 5.44714e-05, 0.00477634, 0.0115823, 0.0003179, 6.53233e-05, 0.00546325, 0.0115826, 0.00537333, 5.24714e-05
512, 1, 0.0426046, 0.000381613, 5.70665e-05, 0.00507444, 0.0116003, 0.000319341, 6.47728e-05, 0.00577539, 0.0116006, 0.00642717, 0.000132983
512, 1.6, 0.0426182, 0.000371156, 5.43747e-05, 0.00622307, 0.0116057, 0.000318341, 6.46299e-05, 0.00691257, 0.011606, 0.0083191, 8.3996e-05
512, 3.5, 0.0426913, 0.000369689, 4.16835e-05, 0.0134409, 0.0278258, 0.000319547, 6.49923e-05, 0.0141302, 0.0278259, 0.014307, 0.000147488
512, 5, 0.0425437, 0.000374006, 4.04825e-05, 0.0134081, 0.0277196, 0.000318673, 6.57501e-05, 0.0141008, 0.0277197, 0.0186765, 0.0005909
512, 10, 0.0429103, 0.000388377, 3.65066e-05, 0.0134795, 0.0278694, 0.000318804, 6.49356e-05, 0.0141867, 0.0278695, 0.0368738, 9.89693e-05
1024, 0.7, 0.0437704, 0.000966305, 5.55881e-05, 0.00751227, 0.0117898, 0.000828569, 0.000141386, 0.00930714, 0.0117908, 0.0212889, 6.68315e-05
1024, 1, 0.0432122, 0.000971949, 4.17227e-05, 0.00860052, 0.0116366, 0.000838457, 0.000140397, 0.0104109, 0.0116375, 0.0261415, 0.000512216
1024, 1.6, 0.0431959, 0.000965374, 4.76296e-05, 0.0132362, 0.0118026, 0.000800624, 4.75834e-05, 0.0150022, 0.0118028, 0.0336464, 0.000624756
1024, 3.5, 0.0435192, 0.000980428, 4.39418e-05, 0.0293322, 0.0278966, 0.000834791, 0.00014796, 0.0311474, 0.027897, 0.058364, 0.000840438
1024, 5, 0.0432632, 0.00097943, 4.72913e-05, 0.0300868, 0.028009, 0.000848804, 0.000145, 0.031915, 0.0280094, 0.0837259, 0.013738
1024, 10, 0.0618811, 0.0009919, 5.07791e-05, 0.0335764, 0.0402031, 0.000883815, 8.96642e-05, 0.0354521, 0.0402032, 0.220153, 0.000207871
1500, 0.7, 0.0613904, 0.00185982, 5.45631e-05, 0.0132343, 0.0167079, 0.0017943, 0.000736527, 0.0168884, 0.0167243, 0.0657968, 9.56562e-05
1500, 1, 0.0614859, 0.00186386, 5.80069e-05, 0.0160334, 0.0166709, 0.0017027, 0.000387185, 0.0196, 0.0166755, 0.0784423, 7.23314e-05
1500, 1.6, 0.0617286, 0.00185872, 5.62483e-05, 0.025967, 0.0167291, 0.00166986, 0.000259864, 0.0294956, 0.0167312, 0.103846, 9.97683e-05
1500, 3.5, 0.0614969, 0.00186144, 5.51911e-05, 0.0353061, 0.0396405, 0.00174322, 0.000523806, 0.0389108, 0.039644, 0.179432, 0.000362496
1500, 5, 0.0617633, 0.00186111, 6.21996e-05, 0.0353251, 0.0397993, 0.00174752, 0.000538032, 0.0389338, 0.039803, 0.230367, 0.000221221
1500, 10, 0.0656841, 0.00185415, 5.67945e-05, 0.0354071, 0.039856, 0.00178068, 0.000684406, 0.0390419, 0.0398619, 0.474445, 0.000409544
2048, 0.7, 0.0621682, 0.00324187, 5.72117e-05, 0.0200665, 0.0166351, 0.00322931, 0.00145125, 0.0265376, 0.0166984, 0.126556, 0.000262791
2048, 1, 0.0622671, 0.00323839, 5.14626e-05, 0.0247374, 0.0172279, 0.00320959, 0.00143201, 0.0311854, 0.0172874, 0.156684, 8.52988e-05
2048, 1.6, 0.0622613, 0.00324293, 5.85987e-05, 0.0434827, 0.0179477, 0.00323969, 0.001424, 0.0499654, 0.0180042, 0.203579, 0.000140676
2048, 3.5, 0.0618605, 0.00325114, 5.47282e-05, 0.0955641, 0.0396403, 0.00322275, 0.00141621, 0.102038, 0.0396656, 0.346175, 0.0015625
2048, 5, 0.0621369, 0.003246, 5.98515e-05, 0.0956032, 0.0398699, 0.00322953, 0.00141881, 0.102079, 0.0398952, 0.441473, 0.00019617
2048, 10, 0.0624019, 0.00325185, 5.81297e-05, 0.0956101, 0.0398117, 0.00333826, 0.00218279, 0.1022, 0.0398716, 0.8998, 0.000613583
2500, 0.7, 0.061987, 0.00471297, 5.92494e-05, 0.027209, 0.0166927, 0.00473582, 0.00257107, 0.0366578, 0.0168897, 0.182977, 0.000167645
2500, 1, 0.0625738, 0.00471159, 6.1582e-05, 0.033938, 0.0168793, 0.00480769, 0.00281846, 0.0434572, 0.0171131, 0.217308, 0.00135239
2500, 1.6, 0.0617543, 0.00470567, 6.24563e-05, 0.0616552, 0.0166955, 0.00443637, 0.00120148, 0.0707972, 0.0167388, 0.287306, 0.000166424
2500, 3.5, 0.0615651, 0.00471128, 5.77429e-05, 0.0991439, 0.039699, 0.00460639, 0.00195699, 0.108462, 0.0397473, 0.499123, 0.000537833
2500, 5, 0.063754, 0.00471326, 6.16631e-05, 0.0991794, 0.0398139, 0.00463105, 0.00196926, 0.108524, 0.0398626, 0.642261, 0.000666233
2500, 10, 0.0615757, 0.00542825, 0.000871934, 0.0992743, 0.0397744, 0.00582395, 0.00251731, 0.110526, 0.0398635, 1.79926, 0.534374
3072, 0.7, 0.113792, 0.00974877, 0.000114183, 0.0425097, 0.0304363, 0.0116853, 0.00620583, 0.0639437, 0.0310628, 0.526193, 0.000290242
3072, 1, 0.114202, 0.00977962, 0.000109134, 0.0527762, 0.0305314, 0.0115598, 0.0057762, 0.0741156, 0.0310732, 0.641552, 0.000428994
3072, 1.6, 0.114472, 0.00973775, 0.00010682, 0.0943784, 0.0306709, 0.0123543, 0.00955701, 0.11647, 0.0321256, 0.839326, 0.000275016
3072, 3.5, 0.11405, 0.00974083, 0.000104549, 0.114494, 0.0728377, 0.0118127, 0.00665183, 0.136047, 0.0731409, 1.38455, 0.000864857
3072, 5, 0.11361, 0.00978158, 0.000103263, 0.114475, 0.0728529, 0.0115916, 0.00584742, 0.135849, 0.0730873, 1.77905, 0.00124995
3072, 10, 0.113444, 0.00972597, 0.000102556, 0.114374, 0.0725425, 0.0115858, 0.00584339, 0.135686, 0.0727775, 3.68345, 0.00101146
3500, 0.7, 0.11426, 0.012473, 0.00011984, 0.0521144, 0.0306302, 0.0154524, 0.00969789, 0.0800398, 0.032129, 0.660104, 0.00123866
3500, 1, 0.113381, 0.0124624, 0.000117393, 0.0650818, 0.0304425, 0.0149853, 0.00760427, 0.0925295, 0.0313781, 0.793975, 0.000416771
3500, 1.6, 0.113643, 0.0124892, 0.000123929, 0.119364, 0.0304701, 0.0150016, 0.00761676, 0.146855, 0.031408, 1.05975, 0.00105051
3500, 3.5, 0.112699, 0.0126485, 0.000132556, 0.119443, 0.0730862, 0.0162379, 0.0120501, 0.148329, 0.0740731, 1.8242, 0.00122784
3500, 5, 0.113675, 0.0125432, 0.000129326, 0.119391, 0.0729378, 0.0150056, 0.00759772, 0.146939, 0.0733325, 2.31434, 0.000999282
3500, 10, 0.113346, 0.0125114, 0.000109831, 0.11963, 0.073008, 0.0154674, 0.0109457, 0.147608, 0.073824, 4.80571, 0.0365881
