# (1) size, (2) sigma, (3) af kernel [s], (4) af cpy h->d mean [s], (5) af cpy h->d stddev [s], (6) af convolve mean [s], (7) af convolve stddev [s], (8) af cpy d->h mean [s], (9) af cpy d->h stddev [s], (10) af total mean [s], (11) af total stddev [s], (12) vigra mean [s], (13) vigra stddev [s]
256, 0.7, 0.0425599, 0.000102576, 1.09054e-05, 0.00408186, 0.011493, 9.16205e-05, 1.72632e-05, 0.00427606, 0.011493, 0.00151248, 3.38294e-05
256, 1, 0.0427151, 0.000101432, 1.04269e-05, 0.00416987, 0.011538, 9.06375e-05, 1.71332e-05, 0.00436193, 0.011538, 0.00178592, 9.82671e-06
256, 1.6, 0.0426546, 0.000101721, 1.05903e-05, 0.0044723, 0.0115806, 9.09215e-05, 1.71887e-05, 0.00466494, 0.0115806, 0.00237493, 1.04837e-05
256, 3.5, 0.0425354, 0.000104396, 1.28641e-05, 0.00959723, 0.0280889, 9.2462e-05, 1.8002e-05, 0.00979409, 0.0280889, 0.00417633, 2.10467e-05
256, 5, 0.0426298, 0.000102811, 1.021e-05, 0.00955999, 0.027947, 9.2987e-05, 1.71385e-05, 0.00975579, 0.027947, 0.00549766, 2.85345e-05
256, 10, 0.0427792, 0.000103283, 1.10611e-05, 0.00956797, 0.0279583, 9.28515e-05, 1.78581e-05, 0.0097641, 0.0279583, 0.0119288, 0.000105627
512, 0.7, 0.0427548, 0.000327747, 4.99083e-05, 0.00476246, 0.0115491, 0.000310981, 6.58803e-05, 0.00540119, 0.0115494, 0.00611812, 3.05073e-05
512, 1, 0.0428166, 0.000330233, 5.06109e-05, 0.00503728, 0.011514, 0.000317335, 6.70392e-05, 0.00568485, 0.0115143, 0.00727063, 0.000196928
512, 1.6, 0.0426805, 0.000329693, 5.10043e-05, 0.00619671, 0.011546, 0.00031529, 6.53401e-05, 0.00684169, 0.0115463, 0.00964299, 4.74532e-05
512, 3.5, 0.042833, 0.000327658, 3.8346e-05, 0.0134092, 0.0277337, 0.000315948, 6.45487e-05, 0.0140528, 0.0277338, 0.0172407, 4.39744e-05
512, 5, 0.0442431, 0.00032963, 3.8841e-05, 0.013706, 0.0287489, 0.000317075, 6.6781e-05, 0.0143527, 0.028749, 0.0228758, 0.000263867
512, 10, 0.0428282, 0.000330833, 3.63786e-05, 0.0134507, 0.0278078, 0.000313145, 6.42293e-05, 0.0140947, 0.0278079, 0.0510653, 0.000472051
1024, 0.7, 0.0431385, 0.000929319, 4.50094e-05, 0.00743732, 0.0115861, 0.000803023, 5.07761e-05, 0.00916967, 0.0115863, 0.0254286, 8.64276e-05
1024, 1, 0.0436986, 0.000942141, 3.87046e-05, 0.00865606, 0.0118263, 0.000826629, 0.000139669, 0.0104248, 0.0118272, 0.0296384, 7.9392e-05
1024, 1.6, 0.0431932, 0.000927641, 4.28269e-05, 0.0131938, 0.0116638, 0.000816478, 0.000141102, 0.0149379, 0.0116648, 0.0395693, 0.000107025
1024, 3.5, 0.0463204, 0.000951661, 3.76454e-05, 0.0296851, 0.0277091, 0.000804043, 6.23352e-05, 0.0314408, 0.0277092, 0.0709835, 0.000500209
1024, 5, 0.043215, 0.000949548, 4.05012e-05, 0.0297153, 0.0278156, 0.000830087, 0.000146883, 0.031495, 0.027816, 0.0931823, 0.000231194
1024, 10, 0.0430361, 0.000954341, 3.92976e-05, 0.0297401, 0.0278146, 0.000820143, 0.000144155, 0.0315146, 0.027815, 0.209117, 0.00398723
1500, 0.7, 0.0429189, 0.00181307, 4.46523e-05, 0.0115276, 0.0116515, 0.00157253, 0.000231485, 0.0149132, 0.0116539, 0.0550656, 0.000190327
1500, 1, 0.043114, 0.00180761, 4.51623e-05, 0.0140097, 0.0117489, 0.00156101, 0.000152648, 0.0173783, 0.01175, 0.064693, 0.000149273
1500, 1.6, 0.0428833, 0.00181534, 4.2736e-05, 0.0242392, 0.01156, 0.00158179, 0.000246677, 0.0276363, 0.0115627, 0.0855511, 0.000172108
1500, 3.5, 0.0428067, 0.00181536, 4.29139e-05, 0.0317969, 0.0276022, 0.00158873, 0.000234435, 0.035201, 0.0276032, 0.153524, 0.000755733
1500, 5, 0.0426721, 0.0018134, 4.10211e-05, 0.0317522, 0.0274895, 0.00157557, 0.000240963, 0.0351411, 0.0274906, 0.203669, 0.00118304
1500, 10, 0.0438965, 0.00182354, 4.22357e-05, 0.0317314, 0.0271529, 0.00160779, 0.000257856, 0.0351628, 0.0271541, 0.529131, 0.100234
2048, 0.7, 0.0618315, 0.00323002, 5.5302e-05, 0.0202048, 0.0166355, 0.00295866, 0.000532045, 0.0263935, 0.0166441, 0.143231, 4.34112e-05
2048, 1, 0.0620546, 0.00323121, 5.24965e-05, 0.0246929, 0.0166596, 0.00304134, 0.00052525, 0.0309655, 0.0166679, 0.168489, 0.000257632
2048, 1.6, 0.0616119, 0.00323378, 5.44452e-05, 0.0431188, 0.0165512, 0.00301822, 0.000528453, 0.0493708, 0.0165597, 0.227262, 0.000218829
2048, 3.5, 0.0617151, 0.00322822, 5.48336e-05, 0.0957369, 0.039834, 0.00297777, 0.000531987, 0.101943, 0.0398376, 0.413466, 0.00236369
2048, 5, 0.0623639, 0.00323668, 5.56994e-05, 0.0958506, 0.0401375, 0.0030079, 0.000539728, 0.102095, 0.0401412, 0.54677, 0.001813
2048, 10, 0.0618551, 0.00324042, 5.04956e-05, 0.0956782, 0.0395776, 0.00299095, 0.000531577, 0.10191, 0.0395812, 1.2345, 0.0145087
2500, 0.7, 0.0614428, 0.00468704, 5.71577e-05, 0.0273196, 0.0165887, 0.00433641, 0.000722179, 0.0363431, 0.0166045, 0.215974, 0.000571355
2500, 1, 0.0616014, 0.00469114, 5.23955e-05, 0.0339789, 0.0165839, 0.00432984, 0.000725443, 0.0429999, 0.0165998, 0.258189, 0.00101567
2500, 1.6, 0.0614201, 0.00468915, 5.35619e-05, 0.0616882, 0.0165201, 0.00430217, 0.00072076, 0.0706796, 0.0165359, 0.341424, 0.000635051
2500, 3.5, 0.0616158, 0.00469128, 5.33683e-05, 0.0992418, 0.0395436, 0.00431206, 0.000722142, 0.108245, 0.0395502, 0.616069, 0.00269916
2500, 5, 0.0612362, 0.00468697, 5.49786e-05, 0.099059, 0.0388445, 0.00428546, 0.000722688, 0.108031, 0.0388513, 0.820714, 0.00264809
2500, 10, 0.0612353, 0.00469115, 5.61773e-05, 0.0992549, 0.0395959, 0.00433634, 0.00067121, 0.108282, 0.0396016, 1.87441, 0.0272542
3072, 0.7, 0.0615164, 0.00695227, 6.33024e-05, 0.0377473, 0.0165184, 0.00638189, 0.00100825, 0.0510814, 0.0165492, 0.323493, 0.000430504
3072, 1, 0.0619706, 0.00694851, 6.69011e-05, 0.0477976, 0.016713, 0.00636085, 0.0010318, 0.0611069, 0.0167449, 0.388483, 0.00109314
3072, 1.6, 0.0613647, 0.00694714, 6.3276e-05, 0.0893767, 0.0164841, 0.00639989, 0.00100474, 0.102724, 0.0165148, 0.514221, 0.000806947
3072, 3.5, 0.0615455, 0.00695473, 5.64976e-05, 0.104646, 0.039585, 0.00634421, 0.00101506, 0.117945, 0.0395981, 0.92931, 0.00302801
3072, 5, 0.0618511, 0.00695005, 5.44277e-05, 0.104708, 0.0397499, 0.0063444, 0.00104859, 0.118002, 0.0397638, 1.23343, 0.00273705
3072, 10, 0.0656491, 0.00695308, 5.44202e-05, 0.104622, 0.0394167, 0.00636627, 0.00102983, 0.117941, 0.0394302, 2.84744, 0.0140239
3500, 0.7, 0.0614977, 0.00895422, 6.89511e-05, 0.0472933, 0.0165253, 0.00821969, 0.00136158, 0.0644672, 0.0165814, 0.425855, 0.00142842
3500, 1, 0.061546, 0.00894717, 6.95319e-05, 0.0603118, 0.0164911, 0.00811012, 0.00124901, 0.0773691, 0.0165385, 0.527727, 0.00370376
3500, 1.6, 0.061781, 0.00895567, 6.81235e-05, 0.114556, 0.0165756, 0.00825192, 0.0012111, 0.131764, 0.0166199, 0.668941, 0.00111362
3500, 3.5, 0.0615098, 0.00894336, 5.98377e-05, 0.109605, 0.0398035, 0.00813759, 0.00136511, 0.126686, 0.0398269, 1.20865, 0.00440004
3500, 5, 0.0613955, 0.00894998, 5.97803e-05, 0.109579, 0.0397393, 0.00820694, 0.00122097, 0.126736, 0.0397581, 1.60815, 0.00438225
3500, 10, 0.0617166, 0.00894815, 5.63435e-05, 0.109572, 0.039632, 0.00825315, 0.00137831, 0.126773, 0.039656, 3.70711, 0.0461697
